52.83407823269288 
左相机矩阵：[[922.74805888   0.         861.07449695]
 [  0.         842.38453769 738.75205406]
 [  0.           0.           1.        ]]
左相机畸变:[[ 1.48454724e+00  1.07094277e+01 -1.14334727e-02 -3.14506702e-02
  -1.55352003e+00  7.87711913e-01  1.33806482e+01 -2.12669894e+00
   0.00000000e+00  0.00000000e+00  0.00000000e+00  0.00000000e+00
   0.00000000e+00  0.00000000e+00]]
右相机矩阵：[[ 97.62886016   0.         885.83454803]
 [  0.          95.66640026 712.3401416 ]
 [  0.           0.           1.        ]]
右相机畸变:[[ 9.76952919e+01  1.30761046e+02  1.00676706e-01 -5.42033438e-02
   1.08092587e+02  9.76534414e+00  3.46063044e+01  1.38377372e+01
   0.00000000e+00  0.00000000e+00  0.00000000e+00  0.00000000e+00
   0.00000000e+00  0.00000000e+00]]
旋转矩阵:[[ 0.97513734  0.00508224 -0.22154309]
 [-0.00270479  0.99993547  0.01103337]
 [ 0.22158487 -0.01015982  0.97508816]]
平移向量:[[-2.25770893]
 [ 0.14293294]
 [-3.33272379]]
本质矩阵E:[[ 0.02265745  3.33105656  0.17614339]
 [-2.74958928 -0.03987562  2.93980717]
 [-0.13327261 -2.25828967  0.00675567]]
基础矩阵F:[[-1.79078512e-08 -2.88394688e-06  2.01747752e-03]
 [ 2.21778329e-06  3.52315281e-08 -4.12373398e-03]
 [-1.55366892e-03  2.72048413e-03  1.00000000e+00]]
单应性矩阵H:[[ 4.0643716e-01 -1.2988357e-02  7.4314368e+02]
 [ 2.1972835e-01  1.3505448e-01  6.0607098e+02]
 [ 3.0896638e-04 -1.5517793e-05  1.0000000e+00]]